function gren_bord = grenville_front

gren_bord = [
-5.941190825035373280e+01 5.380485783729051974e+01
-6.140266858932583460e+01 5.401924741225674609e+01
-6.284214144981335437e+01 5.355984118018626106e+01
-6.327092059974580707e+01 5.380485783729051974e+01
-6.394471640678251845e+01 5.368234950873839040e+01
-6.495541011733757841e+01 5.349858701591019638e+01
-6.771184750976050282e+01 5.319231619452987303e+01
-6.820188082396902018e+01 5.291667245528758201e+01
-6.918194745238605492e+01 5.261040163390725866e+01
-7.052953906645947768e+01 5.156908084121415925e+01
-7.120333487349617485e+01 5.138531834838596524e+01
-7.233653691260337837e+01 5.123218293769580356e+01
-7.291845147322598564e+01 5.089528503417744787e+01
-7.380663685522893047e+01 5.043587880210696284e+01
-7.411290767660925383e+01 4.970082883079418679e+01
-7.441917849798957718e+01 4.933330384513779876e+01
-7.500109305861218445e+01 4.896577885948141073e+01
-7.576677011206299994e+01 4.832261013458273169e+01
-7.659370132978986589e+01 4.813884764175453768e+01
-7.791066586172526343e+01 4.764881432754602031e+01
-7.922763039366066096e+01 4.731191642402766462e+01
-7.959515537931704898e+01 4.694439143837127659e+01
-8.026895118635374615e+01 4.676062894554308258e+01
-8.100400115766652220e+01 4.639310395988669455e+01
-8.161654280042716891e+01 4.593369772781620952e+01
-8.201469486822159638e+01 4.446359778519065742e+01
-8.253535526456815319e+01 4.391231030670607538e+01
-8.302538857877667056e+01 4.302412492470313765e+01
-8.308664274305272102e+01 4.253409161049462028e+01
-8.351542189298518792e+01 4.204405829628610292e+01
-8.360730313939927782e+01 4.054333127152251848e+01
-8.376043855008944661e+01 3.956326464310548374e+01
-8.412796353574583463e+01 3.870570634324057835e+01
-8.461799684995435200e+01 3.787877512551370529e+01
-8.523053849271499871e+01 3.683745433282060588e+01
-8.596558846402777476e+01 3.591864186867963582e+01
-8.642499469609825269e+01 3.564299812943734480e+01
-8.700690925672085996e+01 3.539798147233308612e+01
-8.768070506375758555e+01 3.493857524026260108e+01
-8.844638211720838683e+01 3.438728776177801905e+01
-8.945707582776344680e+01 3.380537320115540467e+01
-9.006961747052409351e+01 3.334596696908491964e+01];
